9:47:53まで
24.05
23.98
23.85
23.81
23.78
23.76
23.68
23.56
23.54
23.48
23.44
23.38
23.30
23.24
23.19
23.14
23.07
22.99
22.93
22.86
22.80
22.74
22.66
22.62
22.52
22.48
22.41
22.35
22.28
22.22
22.15
22.09
22.02
21.96
21.90
21.83
21.76
21.69
21.65
21.60
21.55
21.48
21.44
21.39
21.34
21.28
21.22
21.19
21.12
21.09
21.03
20.99
20.95
20.90
20.85
20.80
20.76
20.71
20.68
20.63
20.59
20.55
20.51
20.47
20.43
20.39
20.35
20.31
20.28
20.24
20.20
20.16
20.12
20.09
20.05
20.02
19.99
19.95
19.92
19.90
19.86
19.83
19.81
19.78
19.76
19.70
19.71
19.66
19.65
19.63
19.60
19.58
19.56
19.54
19.51
19.48
19.44
19.41
19.40
19.37
19.36
19.32
19.30
19.26
19.24
19.23
19.19
19.16
19.15
19.13
19.12
19.09
19.07
19.06
19.04
19.02
18.99
18.98
18.95
18.92
18.89
18.89
18.88
18.85
18.81
18.80
18.78
18.76
18.74
18.74
18.71
18.70
18.68
18.66
18.64
18.61
18.61
18.59
18.58
18.56
18.54
18.53
18.49
18.49
18.47
18.45
18.44
18.43
18.40
18.39
18.38
18.35
18.35
18.33
18.31
18.28
18.27
18.27
18.24
18.21
18.22
18.20
18.19
18.17
18.15
18.14
18.13
18.12
18.10
18.09
18.08
18.06
18.06
18.03
18.00
18.00
17.99
17.96
17.93
17.93
17.89
17.91
17.90
17.89
17.90
17.88
17.86
17.85
17.84
17.82
17.81
17.81
17.80
17.78
17.77
17.75
17.74
17.73
17.71
17.73
17.70
17.69
17.66
17.64
17.66
17.66
17.65
17.64
17.61
17.59
17.61
17.57
17.57
17.55
17.56
17.53
17.53
17.52
17.51
17.49
17.50
17.49
17.48
17.47
17.46
17.45
17.45
17.44
17.44
17.42
17.41
17.40
17.40
17.37
17.37
17.36
17.36
17.33
17.32
17.31
17.30
17.30
17.28
17.28
17.27
17.26
17.25
17.25
17.26
17.24
17.24
17.22
17.21
17.21
17.19
17.19
17.20
17.17
17.16
17.15
17.14
17.13
17.13
17.13
17.11
17.09
17.09
17.09
17.10
17.09
17.08
17.07
17.07
17.05
17.03
17.02
17.03
17.01
17.00
17.00
16.99
17.00
17.00
17.00
16.99
16.99
16.99
16.98
16.97
16.97
16.96
16.96
16.95
16.94
16.93
16.93
16.94
16.94
16.92
16.91
16.91
16.91
16.91
16.89
16.90
16.90
16.88
16.88
16.87
16.87
16.86
16.86
16.87
16.87
16.85
16.86
16.86
16.84
16.85
16.85
16.86
16.85
16.82
16.81
16.82
16.80
16.82
16.81
16.79
16.79
16.78
16.78
16.78
16.77
16.79
16.79
16.79
16.77
16.77
16.78
16.78
16.79
16.78
16.79
16.80
16.81
16.82
16.82
16.85
16.86
16.87
16.90
16.91
16.92
16.94
16.95
16.97
16.99
16.99
17.01
17.04
17.07
17.08
17.11
17.13
17.14
17.16
17.17
17.19
17.20
17.23
17.24